16.00
15.60
15.40
15.20
15.00
14.90
15.40
17.00
19.10
20.40
21.00
21.20
21.00
20.50
20.20
19.50
19.10
18.70
18.30
17.60
17.00
16.50
16.30
16.50
16.90
17.00
16.70
16.40
16.00
15.60
15.70
17.00
20.30
21.80
22.30
22.40
22.40
21.60
20.80
19.80
18.90
17.90
17.30
16.80
16.50
16.20
15.50
15.00
14.60
14.30
13.90
13.60
13.10
13.00
13.80
16.00
18.70
20.50
21.30
21.20
20.80
20.40
19.90
19.10
18.30
17.30
16.10
15.20
14.60
13.90
13.60
13.20
12.90
12.60
12.30
12.10
11.90
11.90
12.60
14.50
17.60
19.80
20.60
20.40
20.30
19.90
19.20
18.90
18.40
18.10
17.40
16.60
15.70
14.90
14.40
13.90
13.50
13.20
12.90
12.80
12.80
13.00
13.60
15.20
17.30
18.90
19.40
19.40
19.20
18.90
18.30
17.70
17.00
16.10
15.50
15.20
15.10
15.00
14.60
14.30
14.00
13.90
14.00
14.00
13.80
13.60
13.50
13.90
14.40
14.90
15.30
15.60
15.80
15.90
15.70
15.50
15.40
15.40
15.30
15.40
15.40
15.50
15.50
15.40
15.40
15.40
15.50
15.50
15.40
15.30
15.40
15.90
16.60
17.00
17.10
17.00
16.70
16.30
15.70
15.20
15.10
15.20
15.20
15.10
15.00
14.90
14.80
14.80
87.00
88.00
88.00
86.00
86.00
86.00
86.00
77.00
69.00
66.00
63.00
66.00
75.00
80.00
76.00
83.00
87.00
90.00
78.00
69.00
70.00
70.00
71.00
66.00
60.00
57.00
56.00
56.00
56.00
57.00
57.00
52.00
49.00
44.00
43.00
46.00
52.00
60.00
62.00
68.00
73.00
78.00
78.00
77.00
77.00
75.00
78.00
81.00
82.00
80.00
79.00
77.00
77.00
76.00
72.00
63.00
50.00
46.00
48.00
57.00
60.00
65.00
68.00
76.00
79.00
84.00
85.00
86.00
90.00
90.00
89.00
88.00
85.00
82.00
80.00
77.00
76.00
75.00
74.00
67.00
52.00
45.00
47.00
49.00
55.00
66.00
75.00
74.00
72.00
60.00
57.00
61.00
69.00
76.00
81.00
85.00
87.00
88.00
87.00
85.00
80.00
73.00
67.00
62.00
57.00
54.00
54.00
55.00
55.00
52.00
47.00
48.00
59.00
75.00
87.00
90.00
89.00
88.00
90.00
92.00
93.00
93.00
91.00
90.00
90.00
89.00
89.00
88.00
87.00
86.00
85.00
83.00
82.00
82.00
83.00
84.00
84.00
85.00
85.00
85.00
85.00
85.00
85.00
85.00
85.00
84.00
84.00
83.00
83.00
83.00
82.00
77.00
70.00
66.00
65.00
66.00
69.00
73.00
79.00
83.00
84.00
84.00
84.00
85.00
85.00
86.00
87.00
87.00
4.30
4.10
4.10
4.60
4.90
4.70
3.70
3.60
2.60
5.40
7.40
9.80
10.50
12.40
12.00
9.50
7.20
5.60
5.60
6.00
6.30
6.00
5.60
4.80
3.80
1.10
1.30
2.30
1.80
3.40
3.30
2.50
1.10
5.20
7.60
7.60
7.80
9.20
7.70
4.30
3.30
4.10
3.90
4.60
4.30
3.60
4.00
4.70
4.50
4.50
4.20
4.70
4.90
5.10
4.60
5.40
6.60
8.00
9.20
9.50
8.70
7.20
6.50
3.20
2.70
3.30
3.90
4.30
4.30
4.60
4.40
4.30
4.50
4.10
4.20
4.00
4.70
4.80
4.30
4.10
6.00
8.50
11.90
13.90
14.30
12.60
11.90
10.00
9.80
7.00
6.80
4.80
4.00
5.00
5.60
6.10
6.40
6.60
7.10
7.10
7.50
7.70
7.70
9.00
12.90
16.80
18.80
20.10
20.50
19.80
17.60
16.00
15.10
14.30
13.20
11.40
10.00
9.00
8.40
7.60
7.20
7.20
7.60
8.70
10.10
12.40
14.10
15.30
16.00
16.20
15.80
15.30
15.60
16.10
13.50
11.70
9.90
8.50
7.90
8.10
9.20
10.00
10.20
10.70
11.00
11.30
12.20
13.40
14.10
14.40
15.20
16.80
18.70
20.30
21.10
22.10
22.40
22.20
21.70
21.10
20.00
18.70
17.90
18.20
19.40
21.10
21.90
22.20
