#FIG 3.2
Landscape
Center
Metric
A4
100.0
Single
-2
1200 2
0 33 #000000
0 34 #ff0000
0 35 #ffff00
0 36 #00ff00
0 37 #7fffd4
0 38 #ffc0cb
0 39 #f5deb3
0 40 #bebebe
0 41 #a52a2a
0 42 #0000ff
0 43 #8a2be2
0 44 #00ffff
0 45 #40e0d0
0 46 #ff00ff
0 47 #fa8072
0 48 #ffffff
0 49 #000000
0 50 #000000
0 51 #000000
0 52 #000000
0 53 #000000
0 54 #000000
0 55 #000000
0 56 #000000
0 57 #000000
0 58 #000000
0 59 #000000
0 60 #000000
0 61 #000000
0 62 #000000
0 63 #000000
0 64 #000000
0 65 #5500ff
0 66 #5400fc
0 67 #5200f8
0 68 #5100f5
0 69 #5000f1
0 70 #4f00ed
0 71 #4e00ea
0 72 #4c00e6
0 73 #4b00e2
0 74 #4a00df
0 75 #4900db
0 76 #4700d7
0 77 #4600d4
0 78 #4500d0
0 79 #4400cc
0 80 #4300c9
0 81 #4100c5
0 82 #4000c1
0 83 #3f00be
0 84 #3e00ba
0 85 #3c00b6
0 86 #3b00b3
0 87 #3a00af
0 88 #3900ab
0 89 #3800a8
0 90 #3600a4
0 91 #3500a0
0 92 #34009d
0 93 #330099
0 94 #310095
0 95 #300092
0 96 #2f008e
0 97 #2e008a
0 98 #2d0087
0 99 #2b0083
0 100 #2a007f
0 101 #29007c
0 102 #280078
0 103 #260074
0 104 #250071
0 105 #24006d
0 106 #230069
0 107 #220066
0 108 #200062
0 109 #1f005e
0 110 #1e005b
0 111 #1d0057
0 112 #1b0053
0 113 #1a0050
0 114 #19004c
0 115 #180048
0 116 #170045
0 117 #150041
0 118 #14003d
0 119 #13003a
0 120 #120036
0 121 #100032
0 122 #0e002c
0 123 #0c0026
0 124 #0a0020
0 125 #08001a
0 126 #060014
0 127 #04000e
0 128 #020008
0 129 #080000
0 130 #0e0000
0 131 #140000
0 132 #1a0000
0 133 #200000
0 134 #260000
0 135 #2c0000
0 136 #320000
0 137 #360000
0 138 #3a0000
0 139 #3d0000
0 140 #410000
0 141 #450000
0 142 #480000
0 143 #4c0000
0 144 #500000
0 145 #530000
0 146 #570000
0 147 #5b0000
0 148 #5e0000
0 149 #620000
0 150 #660000
0 151 #690000
0 152 #6d0000
0 153 #710000
0 154 #740000
0 155 #780000
0 156 #7c0000
0 157 #7f0000
0 158 #830000
0 159 #870000
0 160 #8a0000
0 161 #8e0000
0 162 #920000
0 163 #950000
0 164 #990000
0 165 #9d0000
0 166 #a00000
0 167 #a40000
0 168 #a80000
0 169 #ab0000
0 170 #af0000
0 171 #b30000
0 172 #b60000
0 173 #ba0000
0 174 #be0000
0 175 #c10000
0 176 #c50000
0 177 #c90000
0 178 #cc0000
0 179 #d00000
0 180 #d40000
0 181 #d70000
0 182 #db0000
0 183 #df0000
0 184 #e20000
0 185 #e60000
0 186 #ea0000
0 187 #ed0000
0 188 #f10000
0 189 #f50000
0 190 #f80000
0 191 #fc0000
0 192 #ff0000
0 193 #000000
0 194 #000000
0 195 #000000
0 196 #000000
0 197 #000000
0 198 #000000
0 199 #000000
0 200 #000000
0 201 #000000
0 202 #000000
0 203 #000000
0 204 #000000
0 205 #000000
0 206 #000000
0 207 #000000
0 208 #000000
0 209 #000000
0 210 #000000
0 211 #000000
0 212 #000000
0 213 #000000
0 214 #000000
0 215 #000000
0 216 #000000
0 217 #000000
0 218 #000000
0 219 #000000
0 220 #000000
0 221 #000000
0 222 #000000
0 223 #000000
0 224 #000000
0 225 #000000
0 226 #000000
0 227 #000000
0 228 #000000
0 229 #000000
0 230 #000000
0 231 #000000
0 232 #000000
0 233 #000000
0 234 #000000
0 235 #000000
0 236 #000000
0 237 #000000
0 238 #000000
0 239 #000000
0 240 #000000
0 241 #000000
0 242 #000000
0 243 #000000
0 244 #000000
0 245 #000000
0 246 #000000
0 247 #000000
0 248 #000000
0 249 #000000
0 250 #000000
0 251 #000000
0 252 #000000
0 253 #000000
0 254 #000000
0 255 #000000
0 256 #000000
0 257 #000000
0 258 #000000
0 259 #000000
0 260 #000000
0 261 #000000
0 262 #000000
0 263 #000000
0 264 #000000
0 265 #000000
0 266 #000000
0 267 #000000
0 268 #000000
0 269 #000000
0 270 #000000
0 271 #000000
0 272 #000000
0 273 #000000
0 274 #000000
0 275 #000000
0 276 #000000
0 277 #000000
0 278 #000000
0 279 #000000
0 280 #000000
0 281 #000000
0 282 #000000
0 283 #000000
0 284 #000000
0 285 #000000
0 286 #000000
0 287 #000000
0 288 #000000
0 289 #000000
0 290 #000000
0 291 #000000
0 292 #000000
0 293 #000000
0 294 #000000
0 295 #000000
0 296 #000000
0 297 #000000
0 298 #000000
0 299 #000000
0 300 #000000
0 301 #000000
0 302 #000000
0 303 #000000
0 304 #000000
0 305 #000000
0 306 #000000
0 307 #000000
0 308 #000000
0 309 #000000
0 310 #000000
0 311 #000000
0 312 #000000
0 313 #000000
0 314 #000000
0 315 #000000
0 316 #000000
0 317 #000000
0 318 #000000
0 319 #000000
0 320 #000000
2 1 0 1 33 33 50 0 20 0.0 0 0 -1 0 0 5
0 0 0 9921 14031 9921 14031 0 0 0
2 1 0 1 34 0 50 0 -1 0.0 0 0 0 0 0 2
1916 8672 12833 8672 
2 1 0 1 34 0 50 0 -1 0.0 0 0 0 0 0 2
1916 8672 1916 8492 
2 1 0 1 34 0 50 0 -1 0.0 0 0 0 0 0 2
2412 8672 2412 8582 
2 1 0 1 34 0 50 0 -1 0.0 0 0 0 0 0 2
2908 8672 2908 8582 
2 1 0 1 34 0 50 0 -1 0.0 0 0 0 0 0 2
3405 8672 3405 8582 
2 1 0 1 34 0 50 0 -1 0.0 0 0 0 0 0 2
3901 8672 3901 8492 
2 1 0 1 34 0 50 0 -1 0.0 0 0 0 0 0 2
4397 8672 4397 8582 
2 1 0 1 34 0 50 0 -1 0.0 0 0 0 0 0 2
4893 8672 4893 8582 
2 1 0 1 34 0 50 0 -1 0.0 0 0 0 0 0 2
5389 8672 5389 8582 
2 1 0 1 34 0 50 0 -1 0.0 0 0 0 0 0 2
5886 8672 5886 8492 
2 1 0 1 34 0 50 0 -1 0.0 0 0 0 0 0 2
6382 8672 6382 8582 
2 1 0 1 34 0 50 0 -1 0.0 0 0 0 0 0 2
6878 8672 6878 8582 
2 1 0 1 34 0 50 0 -1 0.0 0 0 0 0 0 2
7374 8672 7374 8582 
2 1 0 1 34 0 50 0 -1 0.0 0 0 0 0 0 2
7871 8672 7871 8492 
2 1 0 1 34 0 50 0 -1 0.0 0 0 0 0 0 2
8367 8672 8367 8582 
2 1 0 1 34 0 50 0 -1 0.0 0 0 0 0 0 2
8863 8672 8863 8582 
2 1 0 1 34 0 50 0 -1 0.0 0 0 0 0 0 2
9359 8672 9359 8582 
2 1 0 1 34 0 50 0 -1 0.0 0 0 0 0 0 2
9855 8672 9855 8492 
2 1 0 1 34 0 50 0 -1 0.0 0 0 0 0 0 2
10352 8672 10352 8582 
2 1 0 1 34 0 50 0 -1 0.0 0 0 0 0 0 2
10848 8672 10848 8582 
2 1 0 1 34 0 50 0 -1 0.0 0 0 0 0 0 2
11344 8672 11344 8582 
2 1 0 1 34 0 50 0 -1 0.0 0 0 0 0 0 2
11840 8672 11840 8492 
2 1 0 1 34 0 50 0 -1 0.0 0 0 0 0 0 2
12337 8672 12337 8582 
2 1 0 1 34 0 50 0 -1 0.0 0 0 0 0 0 2
12833 8672 12833 8582 
2 1 0 1 34 0 50 0 -1 0.0 0 0 0 0 0 2
12833 8672 12833 1147 
2 1 0 1 34 0 50 0 -1 0.0 0 0 0 0 0 2
12653 8672 12833 8672 
2 1 0 1 34 0 50 0 -1 0.0 0 0 0 0 0 2
12743 8242 12833 8242 
2 1 0 1 34 0 50 0 -1 0.0 0 0 0 0 0 2
12743 7812 12833 7812 
2 1 0 1 34 0 50 0 -1 0.0 0 0 0 0 0 2
12743 7382 12833 7382 
2 1 0 1 34 0 50 0 -1 0.0 0 0 0 0 0 2
12743 6952 12833 6952 
2 1 0 1 34 0 50 0 -1 0.0 0 0 0 0 0 2
12653 6522 12833 6522 
2 1 0 1 34 0 50 0 -1 0.0 0 0 0 0 0 2
12743 6092 12833 6092 
2 1 0 1 34 0 50 0 -1 0.0 0 0 0 0 0 2
12743 5662 12833 5662 
2 1 0 1 34 0 50 0 -1 0.0 0 0 0 0 0 2
12743 5232 12833 5232 
2 1 0 1 34 0 50 0 -1 0.0 0 0 0 0 0 2
12743 4802 12833 4802 
2 1 0 1 34 0 50 0 -1 0.0 0 0 0 0 0 2
12653 4372 12833 4372 
2 1 0 1 34 0 50 0 -1 0.0 0 0 0 0 0 2
12743 3942 12833 3942 
2 1 0 1 34 0 50 0 -1 0.0 0 0 0 0 0 2
12743 3512 12833 3512 
2 1 0 1 34 0 50 0 -1 0.0 0 0 0 0 0 2
12743 3082 12833 3082 
2 1 0 1 34 0 50 0 -1 0.0 0 0 0 0 0 2
12743 2652 12833 2652 
2 1 0 1 34 0 50 0 -1 0.0 0 0 0 0 0 2
12653 2222 12833 2222 
2 1 0 1 34 0 50 0 -1 0.0 0 0 0 0 0 2
12743 1792 12833 1792 
2 1 0 1 34 0 50 0 -1 0.0 0 0 0 0 0 2
12743 1362 12833 1362 
2 1 0 1 34 0 50 0 -1 0.0 0 0 0 0 0 2
12833 1147 1916 1147 
2 1 0 1 34 0 50 0 -1 0.0 0 0 0 0 0 2
12833 1237 12833 1147 
2 1 0 1 34 0 50 0 -1 0.0 0 0 0 0 0 2
12337 1237 12337 1147 
2 1 0 1 34 0 50 0 -1 0.0 0 0 0 0 0 2
11840 1327 11840 1147 
2 1 0 1 34 0 50 0 -1 0.0 0 0 0 0 0 2
11344 1237 11344 1147 
2 1 0 1 34 0 50 0 -1 0.0 0 0 0 0 0 2
10848 1237 10848 1147 
2 1 0 1 34 0 50 0 -1 0.0 0 0 0 0 0 2
10352 1237 10352 1147 
2 1 0 1 34 0 50 0 -1 0.0 0 0 0 0 0 2
9855 1327 9855 1147 
2 1 0 1 34 0 50 0 -1 0.0 0 0 0 0 0 2
9359 1237 9359 1147 
2 1 0 1 34 0 50 0 -1 0.0 0 0 0 0 0 2
8863 1237 8863 1147 
2 1 0 1 34 0 50 0 -1 0.0 0 0 0 0 0 2
8367 1237 8367 1147 
2 1 0 1 34 0 50 0 -1 0.0 0 0 0 0 0 2
7871 1327 7871 1147 
2 1 0 1 34 0 50 0 -1 0.0 0 0 0 0 0 2
7374 1237 7374 1147 
2 1 0 1 34 0 50 0 -1 0.0 0 0 0 0 0 2
6878 1237 6878 1147 
2 1 0 1 34 0 50 0 -1 0.0 0 0 0 0 0 2
6382 1237 6382 1147 
2 1 0 1 34 0 50 0 -1 0.0 0 0 0 0 0 2
5886 1327 5886 1147 
2 1 0 1 34 0 50 0 -1 0.0 0 0 0 0 0 2
5389 1237 5389 1147 
2 1 0 1 34 0 50 0 -1 0.0 0 0 0 0 0 2
4893 1237 4893 1147 
2 1 0 1 34 0 50 0 -1 0.0 0 0 0 0 0 2
4397 1237 4397 1147 
2 1 0 1 34 0 50 0 -1 0.0 0 0 0 0 0 2
3901 1327 3901 1147 
2 1 0 1 34 0 50 0 -1 0.0 0 0 0 0 0 2
3405 1237 3405 1147 
2 1 0 1 34 0 50 0 -1 0.0 0 0 0 0 0 2
2908 1237 2908 1147 
2 1 0 1 34 0 50 0 -1 0.0 0 0 0 0 0 2
2412 1237 2412 1147 
2 1 0 1 34 0 50 0 -1 0.0 0 0 0 0 0 3
1916 1327 1916 1147 1916 8672 
2 1 0 1 34 0 50 0 -1 0.0 0 0 0 0 0 2
1916 1362 2006 1362 
2 1 0 1 34 0 50 0 -1 0.0 0 0 0 0 0 2
1916 1792 2006 1792 
2 1 0 1 34 0 50 0 -1 0.0 0 0 0 0 0 2
1916 2222 2096 2222 
2 1 0 1 34 0 50 0 -1 0.0 0 0 0 0 0 2
1916 2652 2006 2652 
2 1 0 1 34 0 50 0 -1 0.0 0 0 0 0 0 2
1916 3082 2006 3082 
2 1 0 1 34 0 50 0 -1 0.0 0 0 0 0 0 2
1916 3512 2006 3512 
2 1 0 1 34 0 50 0 -1 0.0 0 0 0 0 0 2
1916 3942 2006 3942 
2 1 0 1 34 0 50 0 -1 0.0 0 0 0 0 0 2
1916 4372 2096 4372 
2 1 0 1 34 0 50 0 -1 0.0 0 0 0 0 0 2
1916 4802 2006 4802 
2 1 0 1 34 0 50 0 -1 0.0 0 0 0 0 0 2
1916 5232 2006 5232 
2 1 0 1 34 0 50 0 -1 0.0 0 0 0 0 0 2
1916 5662 2006 5662 
2 1 0 1 34 0 50 0 -1 0.0 0 0 0 0 0 2
1916 6092 2006 6092 
2 1 0 1 34 0 50 0 -1 0.0 0 0 0 0 0 2
1916 6522 2096 6522 
2 1 0 1 34 0 50 0 -1 0.0 0 0 0 0 0 2
1916 6952 2006 6952 
2 1 0 1 34 0 50 0 -1 0.0 0 0 0 0 0 2
1916 7382 2006 7382 
2 1 0 1 34 0 50 0 -1 0.0 0 0 0 0 0 2
1916 7812 2006 7812 
2 1 0 1 34 0 50 0 -1 0.0 0 0 0 0 0 2
1916 8242 2006 8242 
2 1 0 1 34 0 50 0 -1 0.0 0 0 0 0 0 2
1916 8672 2096 8672 
2 1 0 1 34 0 50 0 -1 0.0 0 0 0 0 0 17
1905 8888 1869 8900 1845 8936 1833 8996 1833 9032 1845 9092 1869 9128 1905 9140 1929 9140 1965 9128 1989 9092 2001 9032 2001 8996 1989 8936 1965 8900 1929 8888 1905 8888 
2 1 0 1 34 0 50 0 -1 0.0 0 0 0 0 0 14
3829 8948 3829 8936 3841 8912 3853 8900 3877 8888 3925 8888 3949 8900 3961 8912 3973 8936 3973 8960 3961 8984 3937 9020 3817 9140 3985 9140 
2 1 0 1 34 0 50 0 -1 0.0 0 0 0 0 0 3
5922 8888 5802 9056 5982 9056 
2 1 0 1 34 0 50 0 -1 0.0 0 0 0 0 0 2
5922 8888 5922 9140 
2 1 0 1 34 0 50 0 -1 0.0 0 0 0 0 0 23
7943 8924 7931 8900 7895 8888 7871 8888 7835 8900 7811 8936 7799 8996 7799 9056 7811 9104 7835 9128 7871 9140 7883 9140 7919 9128 7943 9104 7955 9068 7955 9056 7943 9020 7919 8996 7883 8984 7871 8984 7835 8996 7811 9020 7799 9056 
2 1 0 1 34 0 50 0 -1 0.0 0 0 0 0 0 29
9832 8888 9796 8900 9784 8924 9784 8948 9796 8972 9820 8984 9868 8996 9904 9008 9928 9032 9940 9056 9940 9092 9928 9116 9916 9128 9880 9140 9832 9140 9796 9128 9784 9116 9772 9092 9772 9056 9784 9032 9808 9008 9844 8996 9892 8984 9916 8972 9928 8948 9928 8924 9916 8900 9880 8888 9832 8888 
2 1 0 1 34 0 50 0 -1 0.0 0 0 0 0 0 4
11673 8936 11697 8924 11733 8888 11733 9140 
2 1 0 1 34 0 50 0 -1 0.0 0 0 0 0 0 17
11948 8888 11912 8900 11888 8936 11876 8996 11876 9032 11888 9092 11912 9128 11948 9140 11972 9140 12008 9128 12032 9092 12044 9032 12044 8996 12032 8936 12008 8900 11972 8888 11948 8888 
2 1 0 1 34 0 50 0 -1 0.0 0 0 0 0 0 17
1665 8528 1629 8540 1605 8576 1593 8636 1593 8672 1605 8732 1629 8768 1665 8780 1689 8780 1725 8768 1749 8732 1761 8672 1761 8636 1749 8576 1725 8540 1689 8528 1665 8528 
2 1 0 1 34 0 50 0 -1 0.0 0 0 0 0 0 4
1389 6426 1413 6414 1449 6378 1449 6630 
2 1 0 1 34 0 50 0 -1 0.0 0 0 0 0 0 17
1664 6378 1628 6390 1604 6426 1592 6486 1592 6522 1604 6582 1628 6618 1664 6630 1688 6630 1724 6618 1748 6582 1760 6522 1760 6486 1748 6426 1724 6390 1688 6378 1664 6378 
2 1 0 1 34 0 50 0 -1 0.0 0 0 0 0 0 14
1365 4288 1365 4276 1377 4252 1389 4240 1413 4228 1461 4228 1485 4240 1497 4252 1509 4276 1509 4300 1497 4324 1473 4360 1353 4480 1521 4480 
2 1 0 1 34 0 50 0 -1 0.0 0 0 0 0 0 17
1664 4228 1628 4240 1604 4276 1592 4336 1592 4372 1604 4432 1628 4468 1664 4480 1688 4480 1724 4468 1748 4432 1760 4372 1760 4336 1748 4276 1724 4240 1688 4228 1664 4228 
2 1 0 1 34 0 50 0 -1 0.0 0 0 0 0 0 15
1377 2078 1509 2078 1437 2174 1473 2174 1497 2186 1509 2198 1521 2234 1521 2258 1509 2294 1485 2318 1449 2330 1413 2330 1377 2318 1365 2306 1353 2282 
2 1 0 1 34 0 50 0 -1 0.0 0 0 0 0 0 17
1664 2078 1628 2090 1604 2126 1592 2186 1592 2222 1604 2282 1628 2318 1664 2330 1688 2330 1724 2318 1748 2282 1760 2222 1760 2186 1748 2126 1724 2090 1688 2078 1664 2078 
2 1 0 1 34 0 50 0 -1 0.0 0 0 0 0 0 20
4022 560 3998 536 3962 524 3914 524 3878 536 3854 560 3854 584 3866 608 3878 620 3902 632 3974 656 3998 668 4010 680 4022 704 4022 740 3998 764 3962 776 3914 776 3878 764 3854 740 
2 1 0 1 34 0 50 0 -1 0.0 0 0 0 0 0 5
4093 524 4105 536 4117 524 4105 512 4093 524 
2 1 0 1 34 0 50 0 -1 0.0 0 0 0 0 0 2
4105 608 4105 776 
2 1 0 1 34 0 50 0 -1 0.0 0 0 0 0 0 2
4201 608 4201 776 
2 1 0 1 34 0 50 0 -1 0.0 0 0 0 0 0 7
4201 656 4237 620 4261 608 4297 608 4321 620 4333 656 4333 776 
2 1 0 1 34 0 50 0 -1 0.0 0 0 0 0 0 7
4333 656 4369 620 4393 608 4429 608 4453 620 4465 656 4465 776 
2 1 0 1 34 0 50 0 -1 0.0 0 0 0 0 0 2
4561 608 4561 860 
2 1 0 1 34 0 50 0 -1 0.0 0 0 0 0 0 14
4561 644 4584 620 4608 608 4644 608 4668 620 4692 644 4704 680 4704 704 4692 740 4668 764 4644 776 4608 776 4584 764 4561 740 
2 1 0 1 34 0 50 0 -1 0.0 0 0 0 0 0 2
4788 524 4788 776 
2 1 0 1 34 0 50 0 -1 0.0 0 0 0 0 0 17
4872 680 5016 680 5016 656 5004 632 4992 620 4968 608 4932 608 4908 620 4884 644 4872 680 4872 704 4884 740 4908 764 4932 776 4968 776 4992 764 5016 740 
2 1 0 1 34 0 50 0 -1 0.0 0 0 0 0 0 2
5339 524 5339 776 
2 1 0 1 34 0 50 0 -1 0.0 0 0 0 0 0 2
5255 524 5423 524 
2 1 0 1 34 0 50 0 -1 0.0 0 0 0 0 0 17
5471 680 5614 680 5614 656 5602 632 5590 620 5566 608 5531 608 5507 620 5483 644 5471 680 5471 704 5483 740 5507 764 5531 776 5566 776 5590 764 5614 740 
2 1 0 1 34 0 50 0 -1 0.0 0 0 0 0 0 2
5698 608 5698 776 
2 1 0 1 34 0 50 0 -1 0.0 0 0 0 0 0 7
5698 656 5734 620 5758 608 5794 608 5818 620 5830 656 5830 776 
2 1 0 1 34 0 50 0 -1 0.0 0 0 0 0 0 7
5830 656 5866 620 5890 608 5926 608 5950 620 5962 656 5962 776 
2 1 0 1 34 0 50 0 -1 0.0 0 0 0 0 0 2
6058 608 6058 860 
2 1 0 1 34 0 50 0 -1 0.0 0 0 0 0 0 14
6058 644 6081 620 6105 608 6141 608 6165 620 6189 644 6201 680 6201 704 6189 740 6165 764 6141 776 6105 776 6081 764 6058 740 
2 1 0 1 34 0 50 0 -1 0.0 0 0 0 0 0 17
6273 680 6417 680 6417 656 6405 632 6393 620 6369 608 6333 608 6309 620 6285 644 6273 680 6273 704 6285 740 6309 764 6333 776 6369 776 6393 764 6417 740 
2 1 0 1 34 0 50 0 -1 0.0 0 0 0 0 0 2
6501 608 6501 776 
2 1 0 1 34 0 50 0 -1 0.0 0 0 0 0 0 5
6501 680 6513 644 6537 620 6561 608 6596 608 
2 1 0 1 34 0 50 0 -1 0.0 0 0 0 0 0 2
6788 608 6788 776 
2 1 0 1 34 0 50 0 -1 0.0 0 0 0 0 0 14
6788 644 6764 620 6740 608 6704 608 6680 620 6656 644 6644 680 6644 704 6656 740 6680 764 6704 776 6740 776 6764 764 6788 740 
2 1 0 1 34 0 50 0 -1 0.0 0 0 0 0 0 5
6896 524 6896 728 6908 764 6932 776 6956 776 
2 1 0 1 34 0 50 0 -1 0.0 0 0 0 0 0 2
6860 608 6944 608 
2 1 0 1 34 0 50 0 -1 0.0 0 0 0 0 0 7
7028 608 7028 728 7040 764 7063 776 7099 776 7123 764 7159 728 
2 1 0 1 34 0 50 0 -1 0.0 0 0 0 0 0 2
7159 608 7159 776 
2 1 0 1 34 0 50 0 -1 0.0 0 0 0 0 0 2
7255 608 7255 776 
2 1 0 1 34 0 50 0 -1 0.0 0 0 0 0 0 5
7255 680 7267 644 7291 620 7315 608 7351 608 
2 1 0 1 34 0 50 0 -1 0.0 0 0 0 0 0 17
7399 680 7543 680 7543 656 7531 632 7519 620 7495 608 7459 608 7435 620 7411 644 7399 680 7399 704 7411 740 7435 764 7459 776 7495 776 7519 764 7543 740 
2 1 0 1 34 0 50 0 -1 0.0 0 0 0 0 0 21
7878 524 7854 536 7830 560 7818 584 7806 620 7806 680 7818 716 7830 740 7854 764 7878 776 7926 776 7950 764 7974 740 7986 716 7998 680 7998 620 7986 584 7974 560 7950 536 7926 524 7878 524 
2 1 0 1 34 0 50 0 -1 0.0 0 0 0 0 0 2
8058 608 8129 776 
2 1 0 1 34 0 50 0 -1 0.0 0 0 0 0 0 2
8201 608 8129 776 
2 1 0 1 34 0 50 0 -1 0.0 0 0 0 0 0 17
8261 680 8405 680 8405 656 8393 632 8381 620 8357 608 8321 608 8297 620 8273 644 8261 680 8261 704 8273 740 8297 764 8321 776 8357 776 8381 764 8405 740 
2 1 0 1 34 0 50 0 -1 0.0 0 0 0 0 0 2
8489 608 8489 776 
2 1 0 1 34 0 50 0 -1 0.0 0 0 0 0 0 5
8489 680 8501 644 8525 620 8549 608 8584 608 
2 1 0 1 34 0 50 0 -1 0.0 0 0 0 0 0 2
8884 524 8884 776 
2 1 0 1 34 0 50 0 -1 0.0 0 0 0 0 0 2
8800 524 8968 524 
2 1 0 1 34 0 50 0 -1 0.0 0 0 0 0 0 5
9016 524 9028 536 9040 524 9028 512 9016 524 
2 1 0 1 34 0 50 0 -1 0.0 0 0 0 0 0 2
9028 608 9028 776 
2 1 0 1 34 0 50 0 -1 0.0 0 0 0 0 0 2
9123 608 9123 776 
2 1 0 1 34 0 50 0 -1 0.0 0 0 0 0 0 7
9123 656 9159 620 9183 608 9219 608 9243 620 9255 656 9255 776 
2 1 0 1 34 0 50 0 -1 0.0 0 0 0 0 0 7
9255 656 9291 620 9315 608 9351 608 9375 620 9387 656 9387 776 
2 1 0 1 34 0 50 0 -1 0.0 0 0 0 0 0 17
9471 680 9614 680 9614 656 9602 632 9590 620 9566 608 9531 608 9507 620 9483 644 9471 680 9471 704 9483 740 9507 764 9531 776 9566 776 9590 764 9614 740 
2 1 0 1 34 0 50 0 -1 0.0 0 0 0 0 0 19
10057 584 10046 560 10022 536 9998 524 9950 524 9926 536 9902 560 9890 584 9878 620 9878 680 9890 716 9902 740 9926 764 9950 776 9998 776 10022 764 10046 740 10057 716 10057 680 
2 1 0 1 34 0 50 0 -1 0.0 0 0 0 0 0 2
9998 680 10057 680 
2 1 0 1 34 0 50 0 -1 0.0 0 0 0 0 0 2
10141 608 10141 776 
2 1 0 1 34 0 50 0 -1 0.0 0 0 0 0 0 5
10141 680 10153 644 10177 620 10201 608 10237 608 
2 1 0 1 34 0 50 0 -1 0.0 0 0 0 0 0 2
10429 608 10429 776 
2 1 0 1 34 0 50 0 -1 0.0 0 0 0 0 0 14
10429 644 10405 620 10381 608 10345 608 10321 620 10297 644 10285 680 10285 704 10297 740 10321 764 10345 776 10381 776 10405 764 10429 740 
2 1 0 1 34 0 50 0 -1 0.0 0 0 0 0 0 2
10525 608 10525 860 
2 1 0 1 34 0 50 0 -1 0.0 0 0 0 0 0 14
10525 644 10549 620 10572 608 10608 608 10632 620 10656 644 10668 680 10668 704 10656 740 10632 764 10608 776 10572 776 10549 764 10525 740 
2 1 0 1 34 0 50 0 -1 0.0 0 0 0 0 0 2
10752 524 10752 776 
2 1 0 1 34 0 50 0 -1 0.0 0 0 0 0 0 7
10752 656 10788 620 10812 608 10848 608 10872 620 10884 656 10884 776 
2 1 0 1 34 0 50 0 -1 0.0 0 0 0 0 0 2
7040 9295 7040 9547 
2 1 0 1 34 0 50 0 -1 0.0 0 0 0 0 0 2
6956 9295 7124 9295 
2 1 0 1 34 0 50 0 -1 0.0 0 0 0 0 0 5
7172 9295 7184 9307 7195 9295 7184 9283 7172 9295 
2 1 0 1 34 0 50 0 -1 0.0 0 0 0 0 0 2
7184 9379 7184 9547 
2 1 0 1 34 0 50 0 -1 0.0 0 0 0 0 0 2
7279 9379 7279 9547 
2 1 0 1 34 0 50 0 -1 0.0 0 0 0 0 0 7
7279 9427 7315 9391 7339 9379 7375 9379 7399 9391 7411 9427 7411 9547 
2 1 0 1 34 0 50 0 -1 0.0 0 0 0 0 0 7
7411 9427 7447 9391 7471 9379 7507 9379 7531 9391 7543 9427 7543 9547 
2 1 0 1 34 0 50 0 -1 0.0 0 0 0 0 0 17
7627 9451 7770 9451 7770 9427 7758 9403 7746 9391 7722 9379 7687 9379 7663 9391 7639 9415 7627 9451 7627 9475 7639 9511 7663 9535 7687 9547 7722 9547 7746 9535 7770 9511 
2 1 0 1 34 0 50 0 -1 0.0 0 0 0 0 0 2
575 5981 827 5981 
2 1 0 1 34 0 50 0 -1 0.0 0 0 0 0 0 2
575 6065 575 5897 
2 1 0 1 34 0 50 0 -1 0.0 0 0 0 0 0 17
731 5849 731 5706 707 5706 683 5718 671 5730 659 5754 659 5790 671 5814 695 5837 731 5849 755 5849 791 5837 815 5814 827 5790 827 5754 815 5730 791 5706 
2 1 0 1 34 0 50 0 -1 0.0 0 0 0 0 0 2
659 5622 827 5622 
2 1 0 1 34 0 50 0 -1 0.0 0 0 0 0 0 7
707 5622 671 5586 659 5562 659 5526 671 5502 707 5490 827 5490 
2 1 0 1 34 0 50 0 -1 0.0 0 0 0 0 0 7
707 5490 671 5454 659 5430 659 5394 671 5370 707 5358 827 5358 
2 1 0 1 34 0 50 0 -1 0.0 0 0 0 0 0 2
659 5263 911 5263 
2 1 0 1 34 0 50 0 -1 0.0 0 0 0 0 0 14
695 5263 671 5239 659 5215 659 5179 671 5155 695 5131 731 5119 755 5119 791 5131 815 5155 827 5179 827 5215 815 5239 791 5263 
2 1 0 1 34 0 50 0 -1 0.0 0 0 0 0 0 17
731 5047 731 4903 707 4903 683 4915 671 4927 659 4951 659 4987 671 5011 695 5035 731 5047 755 5047 791 5035 815 5011 827 4987 827 4951 815 4927 791 4903 
2 1 0 1 34 0 50 0 -1 0.0 0 0 0 0 0 2
659 4820 827 4820 
2 1 0 1 34 0 50 0 -1 0.0 0 0 0 0 0 5
731 4820 695 4808 671 4784 659 4760 659 4724 
2 1 0 1 34 0 50 0 -1 0.0 0 0 0 0 0 2
659 4532 827 4532 
2 1 0 1 34 0 50 0 -1 0.0 0 0 0 0 0 14
695 4532 671 4556 659 4580 659 4616 671 4640 695 4664 731 4676 755 4676 791 4664 815 4640 827 4616 827 4580 815 4556 791 4532 
2 1 0 1 34 0 50 0 -1 0.0 0 0 0 0 0 5
575 4424 779 4424 815 4412 827 4388 827 4364 
2 1 0 1 34 0 50 0 -1 0.0 0 0 0 0 0 2
659 4460 659 4376 
2 1 0 1 34 0 50 0 -1 0.0 0 0 0 0 0 7
659 4293 779 4293 815 4281 827 4257 827 4221 815 4197 779 4161 
2 1 0 1 34 0 50 0 -1 0.0 0 0 0 0 0 2
659 4161 827 4161 
2 1 0 1 34 0 50 0 -1 0.0 0 0 0 0 0 2
659 4065 827 4065 
2 1 0 1 34 0 50 0 -1 0.0 0 0 0 0 0 5
731 4065 695 4053 671 4029 659 4005 659 3969 
2 1 0 1 34 0 50 0 -1 0.0 0 0 0 0 0 17
731 3921 731 3778 707 3778 683 3790 671 3802 659 3826 659 3861 671 3885 695 3909 731 3921 755 3921 791 3909 815 3885 827 3861 827 3826 815 3802 791 3778 
2 1 0 1 34 0 50 0 -1 0.0 0 0 0 0 0 10
2908 4372 3901 3942 4893 3297 5886 3512 6878 2652 7871 2222 8863 2437 9855 2867 10848 3082 11840 3727 
